VOC2007\JPEGImages\img_1030.jpg 281,237,333,282,0 331,234,364,284,0 363,227,396,276,0 285,281,328,329,0 337,277,370,320,0 369,267,404,312,0 307,310,346,354,0 356,318,393,368,0 382,304,417,352,0 300,348,342,392,0 346,363,383,424,0 385,363,430,418,0
VOC2007\JPEGImages\img_1120.jpg 280,240,332,279,0 330,235,363,281,0 361,228,394,276,0 283,279,328,331,0 337,276,371,323,0 369,267,403,312,0 308,308,347,355,0 353,316,394,368,0 380,303,415,350,0 301,348,337,390,0 347,363,384,423,0 380,363,429,418,0
VOC2007\JPEGImages\img_1130.jpg 283,239,333,281,0 329,234,363,286,0 359,228,394,279,0 282,279,329,328,0 335,277,369,322,0 369,267,404,313,0 307,306,347,354,0 351,317,392,368,0 382,303,414,350,0 301,348,339,387,0 345,363,384,423,0 383,364,427,417,0
VOC2007\JPEGImages\img_1190.jpg 294,237,344,275,0 338,236,369,279,0 360,229,395,279,0 301,275,342,320,0 339,278,373,322,0 371,266,410,313,0 310,305,351,348,0 352,314,388,366,0 383,303,418,357,0 309,344,344,382,0 343,363,382,421,0 380,365,432,426,0
VOC2007\JPEGImages\img_1200.jpg 294,236,347,273,0 358,230,394,277,0 299,275,343,318,0 338,277,376,322,0 369,266,410,311,0 308,305,352,347,0 355,318,386,363,0 385,301,418,358,0 312,342,348,380,0 347,361,384,419,0 384,366,431,423,0
VOC2007\JPEGImages\img_1250.jpg 329,239,383,275,0 394,230,433,275,0 333,278,377,321,0 374,281,408,322,0 405,269,443,313,0 344,308,384,350,0 387,320,425,374,0 423,308,457,362,0 344,346,382,383,0 381,367,421,428,0 418,372,470,433,0
VOC2007\JPEGImages\img_1330.jpg 258,249,302,298,0 304,242,342,294,0 338,224,384,276,0 255,300,302,357,0 300,323,338,376,0 313,288,352,334,0 343,268,383,320,0 341,330,388,377,0 258,354,300,399,0 287,370,325,424,0 332,382,375,442,0 358,370,397,421,0
VOC2007\JPEGImages\img_1340.jpg 239,248,290,300,0 289,241,327,297,0 324,229,368,275,0 240,299,289,356,0 300,287,338,331,0 327,271,363,317,0 285,323,324,377,0 324,326,375,373,0 243,355,283,400,0 270,366,315,421,0 313,378,358,439,0 345,370,382,417,0
VOC2007\JPEGImages\img_1350.jpg 220,249,266,301,0 264,241,306,293,0 301,224,344,279,0 219,299,266,359,0 275,286,316,332,0 305,270,340,313,0 267,324,305,378,0 305,324,352,372,0 221,354,262,402,0 253,367,292,424,0 294,376,337,437,0 323,366,360,420,0
VOC2007\JPEGImages\img_1370.jpg 220,248,262,299,0 263,242,302,297,0 296,228,341,278,0 218,299,262,359,0 274,285,313,333,0 297,270,335,317,0 263,325,304,376,0 301,324,350,372,0 219,354,259,404,0 247,366,292,424,0 294,376,336,439,0 314,367,352,415,0
VOC2007\JPEGImages\img_1380.jpg 221,250,265,301,0 269,243,305,293,0 305,227,347,279,0 218,297,266,354,0 280,288,317,335,0 309,275,340,318,0 266,325,304,380,0 307,327,354,372,0 225,354,262,398,0 253,367,292,422,0 297,376,341,436,0 326,368,365,420,0
VOC2007\JPEGImages\img_1420.jpg 281,246,335,290,0 332,242,370,295,0 368,232,407,278,0 281,292,332,344,0 341,292,380,334,0 378,273,416,324,0 310,322,353,371,0 362,333,407,389,0 387,315,427,363,0 304,367,344,417,0 353,384,392,450,0 391,383,442,440,0
VOC2007\JPEGImages\img_1430.jpg 311,245,362,290,0 364,240,402,295,0 399,233,436,282,0 312,290,362,340,0 371,286,408,336,0 405,274,443,322,0 342,322,384,372,0 389,331,436,381,0 418,314,455,366,0 334,364,372,408,0 382,380,421,445,0 423,381,474,436,0
VOC2007\JPEGImages\img_1520.jpg 386,245,442,288,0 442,241,482,292,0 481,232,523,282,0 387,290,438,344,0 453,289,490,333,0 490,275,527,326,0 420,320,463,371,0 475,333,519,385,0 500,316,539,369,0 407,365,447,411,0 457,384,505,451,0 504,387,553,445,0
VOC2007\JPEGImages\img_1530.jpg 376,246,429,286,0 427,239,467,294,0 463,232,505,280,0 373,288,423,339,0 432,288,472,335,0 471,273,511,326,0 400,324,442,369,0 455,331,498,387,0 483,316,522,372,0 397,361,436,407,0 444,385,487,448,0 485,386,539,446,0
VOC2007\JPEGImages\img_1550.jpg 360,243,414,284,0 410,238,442,292,0 438,232,477,282,0 359,287,409,337,0 409,289,448,335,0 446,277,489,323,0 379,319,419,363,0 431,333,472,387,0 460,317,501,370,0 371,358,412,402,0 418,381,457,446,0 460,388,512,447,0
VOC2007\JPEGImages\img_1580.jpg 342,239,392,278,0 398,231,445,278,0 342,282,387,323,0 382,284,420,326,0 413,274,455,323,0 346,311,391,349,0 395,327,430,375,0 430,312,470,366,0 353,347,393,392,0 384,375,426,433,0 427,378,477,444,0
VOC2007\JPEGImages\img_1590.jpg 340,240,390,275,0 397,231,438,280,0 340,279,386,326,0 381,284,415,327,0 412,274,454,320,0 348,314,393,352,0 393,324,431,378,0 428,312,466,373,0 352,344,391,390,0 388,372,429,438,0 428,379,476,441,0
VOC2007\JPEGImages\img_1600.jpg 339,238,396,278,0 396,229,441,279,0 342,278,389,326,0 382,284,420,329,0 411,275,457,321,0 348,311,396,353,0 390,325,431,377,0 429,314,466,374,0 356,350,396,391,0 387,373,431,436,0 426,379,477,447,0
VOC2007\JPEGImages\img_1670.jpg 422,246,471,291,0 475,240,519,297,0 519,227,562,282,0 418,295,471,350,0 485,291,523,338,0 521,279,562,327,0 457,324,503,380,0 507,335,562,388,0 532,316,572,365,0 425,352,460,392,0 441,372,488,426,0 495,388,543,457,0 538,388,586,444,0
VOC2007\JPEGImages\img_1740.jpg 219,248,271,294,0 272,245,309,298,0 307,235,345,290,0 218,299,266,353,0 279,292,316,338,0 313,283,352,327,0 250,327,292,379,0 303,337,347,389,0 327,319,364,367,0 240,373,284,423,0 294,388,334,451,0 331,384,382,441,0
VOC2007\JPEGImages\img_1750.jpg 197,251,249,296,0 251,243,290,297,0 289,236,326,288,0 261,293,300,340,0 198,297,248,352,0 298,281,335,326,0 282,337,324,388,0 313,318,346,367,0 221,375,259,422,0 274,389,312,454,0 313,385,361,443,0
VOC2007\JPEGImages\img_1800.jpg 86,249,150,291,0 141,245,173,299,0 163,239,205,292,0 94,294,148,346,0 142,296,185,344,0 179,277,223,331,0 107,328,153,374,0 161,337,203,396,0 199,318,238,376,0 112,371,153,417,0 155,392,197,457,0 200,389,251,448,0
VOC2007\JPEGImages\img_1830.jpg 165,251,221,298,0 221,245,258,295,0 257,235,292,282,0 166,297,218,354,0 230,289,266,337,0 263,275,301,323,0 203,325,243,378,0 254,333,295,380,0 279,316,314,365,0 192,374,234,421,0 249,381,285,446,0 284,380,329,431,0
VOC2007\JPEGImages\img_1840.jpg 181,249,235,295,0 237,241,277,295,0 275,234,309,283,0 187,292,231,353,0 244,284,282,335,0 280,276,318,322,0 193,353,225,396,0 221,328,264,378,0 271,331,313,376,0 283,313,326,355,0 208,371,249,419,0 258,378,303,447,0 300,377,344,426,0
VOC2007\JPEGImages\img_1880.jpg 253,245,297,292,0 298,235,333,287,0 335,225,375,275,0 253,295,297,346,0 304,279,343,326,0 336,267,371,313,0 296,316,334,366,0 333,323,380,367,0 258,344,294,390,0 283,359,322,415,0 324,367,365,427,0 350,357,388,411,0
VOC2007\JPEGImages\img_1890.jpg 244,247,289,294,0 292,239,328,290,0 327,226,370,272,0 243,294,287,350,0 301,284,339,331,0 329,269,365,317,0 286,321,323,368,0 326,327,371,371,0 247,346,285,389,0 272,365,313,415,0 319,374,358,431,0 352,372,387,416,0
VOC2007\JPEGImages\img_1910.jpg 225,246,274,293,0 275,239,312,290,0 312,230,347,279,0 221,291,270,346,0 284,288,320,333,0 321,274,354,317,0 258,322,300,369,0 311,328,352,374,0 332,307,366,355,0 234,346,264,383,0 249,367,287,411,0 296,374,344,440,0 339,373,380,426,0
VOC2007\JPEGImages\img_2020.jpg 281,215,324,262,0 295,251,332,298,0 282,297,331,343,0 338,294,374,342,0 365,258,408,322,0 269,353,312,414,0 309,336,353,399,0 360,333,393,381,0 393,333,437,391,0
VOC2007\JPEGImages\img_2040.jpg 294,217,336,263,0 311,253,347,300,0 300,292,352,342,0 384,260,434,322,0 353,293,388,343,0 281,360,329,414,0 332,337,372,400,0 374,327,410,383,0 403,335,455,387,0
VOC2007\JPEGImages\img_2050.jpg 312,220,354,264,0 326,254,369,297,0 316,298,367,346,0 375,294,412,347,0 403,260,444,325,0 350,336,390,405,0 302,355,352,414,0 400,330,431,381,0 429,337,471,390,0
VOC2007\JPEGImages\img_2070.jpg 350,215,390,262,0 366,251,405,301,0 347,291,407,346,0 416,294,446,342,0 447,258,489,324,0 340,353,390,420,0 385,337,431,402,0 429,333,468,380,0 469,336,518,396,0
VOC2007\JPEGImages\img_2090.jpg 387,213,432,266,0 400,251,448,300,0 388,292,449,344,0 453,294,492,348,0 482,259,528,328,0 380,353,427,420,0 429,340,472,407,0 474,328,506,385,0 510,339,556,396,0
VOC2007\JPEGImages\img_2110.jpg 375,215,420,263,0 388,247,427,296,0 376,293,423,343,0 434,296,470,348,0 463,258,506,328,0 360,355,405,416,0 408,337,448,404,0 455,333,491,385,0 491,341,534,400,0
VOC2007\JPEGImages\img_2150.jpg 344,216,382,257,0 353,252,388,295,0 341,294,388,338,0 387,300,423,348,0 416,264,461,335,0 319,351,362,406,0 358,336,401,398,0 411,342,444,392,0 439,347,478,411,0 447,318,487,368,0
VOC2007\JPEGImages\img_2190.jpg 397,219,442,271,0 414,256,458,305,0 423,295,467,356,0 463,298,502,346,0 496,262,543,326,0 394,364,448,432,0 447,345,487,414,0 484,335,523,391,0 526,341,572,402,0
VOC2007\JPEGImages\img_2250.jpg 452,215,498,274,0 475,251,519,301,0 451,308,492,358,0 494,297,536,347,0 536,258,582,318,0 474,365,517,432,0 511,339,552,402,0 554,327,603,377,0
VOC2007\JPEGImages\img_2330.jpg 208,232,250,277,0 229,267,274,318,0 232,313,283,364,0 283,311,316,355,0 315,271,357,335,0 208,381,261,453,0 262,356,304,429,0 306,350,338,397,0 340,348,387,404,0
VOC2007\JPEGImages\img_2350.jpg 158,226,198,282,0 175,269,223,318,0 176,314,224,370,0 229,313,266,362,0 259,270,307,343,0 152,384,205,460,0 207,362,252,432,0 251,350,289,402,0 289,353,335,406,0
VOC2007\JPEGImages\img_2380.jpg 111,228,160,287,0 126,269,169,323,0 213,275,260,344,0 116,320,173,373,0 182,318,216,374,0 99,394,148,458,0 148,369,205,438,0 210,356,244,408,0 245,360,292,418,0
VOC2007\JPEGImages\img_2410.jpg 86,226,133,277,0 98,269,137,321,0 85,318,136,372,0 150,320,182,375,0 174,278,223,354,0 207,336,255,385,0 64,393,113,456,0 113,368,160,439,0 172,365,208,421,0 206,371,247,434,0
VOC2007\JPEGImages\img_2420.jpg 78,230,121,277,0 82,273,127,320,0 68,320,118,371,0 156,284,203,360,0 191,342,236,392,0 51,392,99,448,0 95,363,148,438,0 154,370,189,421,0 180,369,225,442,0 127,322,165,375,0
VOC2007\JPEGImages\img_2440.jpg 79,229,121,279,0 83,267,122,316,0 66,316,121,371,0 156,283,198,355,0 51,390,95,451,0 90,367,144,437,0 179,371,223,444,0 190,337,236,393,0
VOC2007\JPEGImages\img_2480.jpg 160,226,202,283,0 181,269,232,322,0 190,311,238,371,0 244,310,275,359,0 270,269,315,337,0 164,384,221,458,0 219,359,266,430,0 263,345,294,402,0 301,350,342,404,0
VOC2007\JPEGImages\img_2520.jpg 222,225,271,282,0 246,263,291,318,0 225,321,265,369,0 261,309,306,365,0 315,264,362,323,0 245,384,290,455,0 287,348,329,417,0 346,336,384,383,0
VOC2007\JPEGImages\img_2560.jpg 281,223,322,277,0 298,269,347,317,0 314,312,356,366,0 285,386,336,454,0 337,359,378,426,0 356,311,389,361,0 380,354,413,401,0 385,268,438,337,0 419,350,468,415,0
VOC2007\JPEGImages\img_2580.jpg 318,225,361,280,0 335,265,382,319,0 342,312,388,368,0 390,311,428,361,0 424,271,471,344,0 317,380,368,455,0 368,361,414,430,0 413,348,448,405,0 452,356,497,416,0
VOC2007\JPEGImages\img_2600.jpg 276,222,317,277,0 291,267,332,315,0 279,315,335,366,0 344,318,380,367,0 373,277,422,347,0 264,387,313,449,0 316,366,363,432,0 368,361,405,411,0 406,365,450,424,0
VOC2007\JPEGImages\img_2620.jpg 263,225,306,277,0 276,267,315,315,0 265,314,313,366,0 326,319,363,368,0 357,279,400,344,0 244,385,294,443,0 295,366,340,431,0 349,365,385,414,0 383,372,432,434,0 383,335,425,381,0
VOC2007\JPEGImages\img_2630.jpg 258,220,305,273,0 273,265,313,317,0 261,316,309,364,0 286,362,334,433,0 239,383,287,445,0 320,316,356,367,0 352,277,396,348,0 380,337,423,384,0 343,366,380,413,0 377,371,419,431,0
VOC2007\JPEGImages\img_2660.jpg 251,224,293,272,0 262,266,303,315,0 248,314,296,360,0 226,381,276,441,0 275,362,318,431,0 308,317,341,368,0 332,364,364,415,0 361,375,404,434,0 334,279,384,353,0 368,339,410,382,0
VOC2007\JPEGImages\img_2690.jpg 295,217,341,279,0 316,263,360,314,0 322,304,366,364,0 298,376,349,452,0 350,352,395,427,0 369,307,404,354,0 390,348,423,400,0 398,271,449,338,0 424,350,475,408,0
VOC2007\JPEGImages\img_2720.jpg 260,220,305,273,0 276,260,318,309,0 265,306,322,358,0 253,371,300,439,0 304,350,343,418,0 330,302,363,349,0 350,343,387,395,0 387,355,429,408,0 358,269,403,340,0
VOC2007\JPEGImages\img_2750.jpg 271,221,315,272,0 290,262,332,306,0 291,304,334,356,0 266,375,316,439,0 318,352,360,419,0 339,303,377,349,0 356,343,400,395,0 369,267,421,339,0 398,350,443,405,0
VOC2007\JPEGImages\img_2760.jpg 276,221,318,273,0 290,261,330,305,0 293,304,336,354,0 318,353,361,419,0 266,373,319,439,0 344,304,376,353,0 360,341,398,395,0 372,269,417,337,0 398,352,443,403,0
VOC2007\JPEGImages\img_2780.jpg 274,222,311,271,0 291,263,328,309,0 292,308,333,357,0 270,375,315,440,0 318,349,360,418,0 344,305,376,353,0 364,343,400,397,0 372,269,414,333,0 400,352,443,406,0
